18 11554004927092113011
18 11774682261850081731
18 11930198900644163775
18 12107752376289999299
18 12776383793608341747
18 13599459525753415871
18 13685623162474248471
18 14742003795206002867
18 14903256001873930835
18 15359226662225417187
18 15464975277462416143
18 16014676986518833659
18 16199662966053039391
18 16480447708526676875
18 16725081583088640891
18 16755943624622471227
18 16825032936213476899
18 16907070786614246819
18 18398993995020962699
18 1897901390234382915
18 2336958427983827023
18 2735673066364245451
18 3061299298947793055
18 3089928703573574835
18 3198918228041799279
18 4625051489262512827
18 4809946149412259603
18 6549822399379824663
18 6953441475447897235
18 7463623997445395715
18 7840346238071245123
18 8100573726078695311
18 8662373436080958147
18 9087271168947388299
18 9838696483810975135
